t`s`float	(deriv((v(txop_bump)-v(txon_bump)))/0.83873)`V/s
0	0
1.1569e-011	0
1.1569e-011	11844.2
1.3069e-011	0
1.4569e-011	11844.2
1.4569e-011	0
1.6069e-011	11844.2
1.7569e-011	0
2.6569e-011	0
2.6569e-011	35532.7
2.8069e-011	0
2.9569e-011	35532.7
2.9569e-011	0
3.1069e-011	35532.7
3.2569e-011	0
4.1569e-011	0
4.1569e-011	11844.2
4.3069e-011	0
4.4569e-011	11844.2
4.4569e-011	0
4.6069e-011	11844.2
4.7569e-011	0
5.9569e-011	0
5.9569e-011	11844.2
6.1069e-011	0
6.2569e-011	11844.2
6.2569e-011	0
6.4069e-011	11844.2
6.5569e-011	0
6.5569e-011	23688.5
6.7069e-011	0
6.8569e-011	23688.5
6.8569e-011	0
7.0069e-011	23688.5
7.1569e-011	0
8.01136e-011	0
8.01136e-011	12149.8
8.08448e-011	0
8.2307e-011	12149.8
8.2307e-011	0
8.37693e-011	12149.8
8.52693e-011	0
1.00269e-010	0
1.00269e-010	11844.2
1.01769e-010	0
1.03269e-010	11844.2
1.03269e-010	0
1.04769e-010	11844.2
1.06227e-010	0
1.12284e-010	0
1.12284e-010	23688.4
1.13784e-010	0
1.15284e-010	23688.4
1.15284e-010	0
1.16784e-010	23688.4
1.18284e-010	0
1.24284e-010	0
1.24284e-010	11844.2
1.25784e-010	0
1.27284e-010	11844.2
1.27284e-010	0
1.28784e-010	11844.2
1.30284e-010	0
1.48284e-010	0
1.48284e-010	11844.2
1.49784e-010	0
1.51284e-010	11844.2
1.51284e-010	0
1.52784e-010	11844.2
1.54284e-010	0
1.66284e-010	0
1.66284e-010	23688.4
1.67784e-010	0
1.69284e-010	23688.4
1.69284e-010	0
1.70784e-010	23688.4
1.72284e-010	0
1.78284e-010	0
1.78284e-010	11844.2
1.79784e-010	0
1.81284e-010	11844.2
1.81284e-010	0
1.82784e-010	11844.2
1.84284e-010	0
2.11284e-010	0
2.11284e-010	11844.3
2.12784e-010	0
2.14284e-010	11844.3
2.14284e-010	0
2.15784e-010	11844.3
2.17284e-010	0
2.3433e-010	0
2.3433e-010	23688.3
2.35184e-010	0
2.36684e-010	23688.3
2.36684e-010	0
2.38184e-010	23688.3
2.39684e-010	0
2.51099e-010	0
2.51099e-010	14622.5
2.52314e-010	0
2.53529e-010	14622.5
2.53529e-010	0
2.54744e-010	14622.5
2.55959e-010	0
2.99873e-010	0
2.99873e-010	26982.2
3.00531e-010	0
3.01189e-010	26982.2
3.01189e-010	0
3.01848e-010	26982.2
3.02506e-010	0
3.22073e-010	0
3.22073e-010	23688.3
3.23573e-010	0
3.25073e-010	23688.3
3.25073e-010	0
3.26573e-010	23688.3
3.28073e-010	0
3.58073e-010	0
3.58073e-010	11844.3
3.59573e-010	0
3.61073e-010	11844.3
3.61073e-010	0
3.62573e-010	11844.3
3.64073e-010	0
4.4019e-010	0
4.4019e-010	27416.8
4.40838e-010	0
4.41486e-010	27416.8
4.41486e-010	0
4.42134e-010	27416.8
4.42782e-010	0
4.55742e-010	0
4.55742e-010	54833.6
4.5639e-010	0
4.57038e-010	54833.6
4.57038e-010	0
4.57686e-010	54833.6
4.58334e-010	0
5.18922e-010	0
5.18922e-010	35532.1
5.21472e-010	35532.1
5.24472e-010	35532.8
5.27472e-010	11844.3
5.30622e-010	-35532.8
5.33322e-010	-302685
5.36827e-010	-644851
5.3846e-010	-1.07624e+006
5.38463e-010	-1.03242e+007
5.38463e-010	0
5.38465e-010	-1.03242e+007
5.38468e-010	0
5.38479e-010	0
5.38479e-010	-2.5604e+006
5.38486e-010	0
5.385e-010	-2.5604e+006
5.38541e-010	-640741
5.38624e-010	-1.28084e+006
5.38833e-010	-1.7616e+006
5.38989e-010	-1.03325e+006
5.39089e-010	-1.42165e+006
5.39278e-010	-1.95423e+006
5.394e-010	-1.74573e+006
5.39462e-010	-1.74573e+006
5.39462e-010	0
5.39469e-010	0
5.39469e-010	-3.03365e+006
5.39472e-010	0
5.39478e-010	-3.03365e+006
5.39478e-010	0
5.39484e-010	-3.03365e+006
5.39495e-010	0
5.39495e-010	-2.27254e+006
5.39507e-010	0
5.3953e-010	-2.27254e+006
5.39601e-010	-1.51503e+006
5.39741e-010	-2.08378e+006
5.40023e-010	-1.70491e+006
5.40586e-010	-1.56284e+006
5.41711e-010	-402549
5.43212e-010	1.06557e+006
5.44712e-010	3.00728e+006
5.46213e-010	4.59362e+006
5.47713e-010	7.83786e+006
5.49214e-010	1.1816e+007
5.51614e-010	1.48527e+007
5.54314e-010	1.43578e+007
5.57149e-010	13160.2
5.59579e-010	-3.93491e+007
5.62009e-010	-1.16512e+008
5.64439e-010	-2.30421e+008
5.67607e-010	-3.67405e+008
5.68989e-010	-4.85617e+008
5.69089e-010	-5.285e+008
5.69239e-010	-5.43099e+008
5.69539e-010	-5.6504e+008
5.70139e-010	-5.84578e+008
5.71339e-010	-4.90001e+008
5.72939e-010	-1.6314e+008
5.74539e-010	5.90376e+008
5.76139e-010	1.94384e+009
5.77739e-010	3.98275e+009
5.79339e-010	6.64673e+009
5.81019e-010	9.72209e+009
5.82459e-010	1.26956e+010
5.83971e-010	1.52318e+010
5.85267e-010	1.73194e+010
5.86563e-010	1.92953e+010
5.87859e-010	2.1765e+010
5.89155e-010	2.49408e+010
5.90451e-010	2.86386e+010
5.91747e-010	3.24491e+010
5.93043e-010	3.58856e+010
5.94339e-010	3.8597e+010
5.95635e-010	4.03008e+010
5.96931e-010	4.09063e+010
5.98227e-010	4.04818e+010
5.99523e-010	3.91636e+010
6.00819e-010	3.71528e+010
6.02115e-010	3.46486e+010
6.03411e-010	3.18416e+010
6.04707e-010	2.88978e+010
6.06003e-010	2.59451e+010
6.07299e-010	2.30736e+010
6.0869e-010	2.03546e+010
6.09797e-010	1.79922e+010
6.10904e-010	1.59969e+010
6.12011e-010	1.41723e+010
6.13118e-010	1.25212e+010
6.14226e-010	1.10385e+010
6.15333e-010	9.71373e+009
6.16993e-010	8.0928e+009
6.19208e-010	6.25336e+009
6.21422e-010	4.81756e+009
6.23636e-010	3.71386e+009
6.2585e-010	2.86692e+009
6.28458e-010	2.10248e+009
6.31458e-010	1.56167e+009
6.34458e-010	1.1563e+009
6.37458e-010	8.61576e+008
6.40458e-010	6.50535e+008
6.43458e-010	4.98762e+008
6.46458e-010	3.88272e+008
6.49458e-010	3.02218e+008
6.52458e-010	2.40095e+008
6.55458e-010	1.94708e+008
6.58458e-010	1.59684e+008
6.61458e-010	1.31066e+008
6.64458e-010	1.07925e+008
6.67458e-010	8.8761e+007
6.70458e-010	7.25935e+007
6.73458e-010	5.89726e+007
6.76458e-010	4.76249e+007
6.79458e-010	3.80201e+007
6.82458e-010	2.98831e+007
6.85458e-010	2.30608e+007
6.88782e-010	1.71742e+007
6.91133e-010	1.27303e+007
6.92308e-010	1.27303e+007
6.92309e-010	-1.03242e+007
6.92309e-010	1.53624e+007
6.92315e-010	1.53624e+007
6.92325e-010	1.54241e+007
6.92346e-010	8.97936e+006
6.92387e-010	1.15449e+007
6.9247e-010	1.02673e+007
6.92679e-010	1.02647e+007
6.92835e-010	1.00946e+007
6.92935e-010	1.0307e+007
6.93123e-010	9.77116e+006
6.93307e-010	9.52358e+006
6.93308e-010	0
6.93309e-010	0
6.93311e-010	-1.20774e+007
6.93311e-010	1.8116e+007
6.93312e-010	-1.20774e+007
6.93315e-010	1.8116e+007
6.93324e-010	6.01033e+006
6.93342e-010	1.05181e+007
6.93377e-010	9.01549e+006
6.93448e-010	9.77252e+006
6.9359e-010	8.83026e+006
6.93874e-010	8.5497e+006
6.94441e-010	7.56264e+006
6.95575e-010	5.77788e+006
6.97832e-010	2.81888e+006
7.00832e-010	225041
7.03832e-010	-2.03721e+006
7.06982e-010	-3.94414e+006
7.09817e-010	-5.44833e+006
7.12247e-010	-6.66786e+006
7.14677e-010	-7.69143e+006
7.17107e-010	-8.62727e+006
7.19713e-010	-9.43151e+006
7.2278e-010	-1.00029e+007
7.2288e-010	-1.0307e+007
7.2303e-010	-1.01265e+007
7.2333e-010	-1.02153e+007
7.2393e-010	-1.04825e+007
7.2473e-010	-1.06594e+007
7.2553e-010	-1.09267e+007
7.2673e-010	-1.10818e+007
7.2833e-010	-1.14371e+007
7.2993e-010	-1.17258e+007
7.3153e-010	-1.20589e+007
7.3321e-010	-1.23032e+007
7.3465e-010	-1.25103e+007
7.36162e-010	-1.27571e+007
7.37458e-010	-1.28311e+007
7.38754e-010	-1.3051e+007
7.4005e-010	-1.31326e+007
7.41346e-010	-1.32697e+007
7.42642e-010	-1.338e+007
7.43938e-010	-1.34616e+007
7.45234e-010	-1.35713e+007
7.4653e-010	-1.35719e+007
7.47826e-010	-1.37358e+007
7.49122e-010	-1.36816e+007
7.50418e-010	-1.37906e+007
7.51714e-010	-1.37632e+007
7.5301e-010	-1.39009e+007
7.54306e-010	-1.38181e+007
7.55602e-010	-1.39003e+007
7.56898e-010	-1.38735e+007
7.58194e-010	-1.38729e+007
7.5949e-010	-1.39003e+007
7.60786e-010	-1.39009e+007
7.62243e-010	-1.38729e+007
7.63217e-010	-1.38319e+007
7.6419e-010	-1.38319e+007
7.65164e-010	-1.38684e+007
7.66138e-010	-1.37962e+007
7.67598e-010	-1.37772e+007
7.69545e-010	-1.37407e+007
7.71492e-010	-1.36863e+007
7.7344e-010	-1.36494e+007
7.75913e-010	-1.35498e+007
7.78913e-010	-1.34432e+007
7.81913e-010	-1.33482e+007
7.84913e-010	-1.323e+007
7.87913e-010	-1.30879e+007
7.90913e-010	-1.2851e+007
7.93913e-010	-1.25312e+007
7.96913e-010	-1.22112e+007
7.99913e-010	-1.19509e+007
8.02913e-010	-1.17614e+007
8.05913e-010	-1.16192e+007
8.08913e-010	-1.14534e+007
8.11913e-010	-1.13466e+007
8.14913e-010	-1.11928e+007
8.17913e-010	-1.10744e+007
8.20913e-010	-1.09323e+007
8.23913e-010	-1.08375e+007
8.26913e-010	-1.06833e+007
8.29913e-010	-1.05888e+007
8.32913e-010	-1.04348e+007
8.35913e-010	-1.03519e+007
8.38913e-010	-1.01861e+007
8.42043e-010	-1.01032e+007
8.46152e-010	-9.95699e+006
8.46156e-010	-2.06484e+007
8.46161e-010	-1.03242e+007
8.46171e-010	-7.71205e+006
8.46185e-010	-1.02827e+007
8.46233e-010	-1.02827e+007
8.46316e-010	-9.96139e+006
8.46524e-010	-9.80072e+006
8.4668e-010	-1.01109e+007
8.4678e-010	-9.24075e+006
8.46968e-010	-1.03041e+007
8.47153e-010	-9.16064e+006
8.47155e-010	-4.74148e+007
8.47155e-010	0
8.47155e-010	-4.74148e+007
8.47157e-010	0
8.47157e-010	-1.18537e+007
8.47158e-010	0
8.47161e-010	-1.18537e+007
8.4717e-010	-5.98224e+006
8.47188e-010	-1.33974e+007
8.47224e-010	-8.95244e+006
8.47295e-010	-9.68719e+006
8.47438e-010	-1.00656e+007
8.47724e-010	-9.8778e+006
8.48296e-010	-9.78532e+006
8.4944e-010	-9.73837e+006
8.51703e-010	-9.64123e+006
8.54703e-010	-9.53464e+006
8.57703e-010	-9.40435e+006
8.60853e-010	-9.27389e+006
8.63688e-010	-9.21215e+006
8.66118e-010	-9.08057e+006
8.68548e-010	-9.02208e+006
8.70978e-010	-8.89048e+006
8.7359e-010	-8.83199e+006
8.76639e-010	-8.73598e+006
8.76739e-010	-8.52519e+006
8.76889e-010	-8.88287e+006
8.77189e-010	-8.70642e+006
8.77789e-010	-8.70522e+006
8.78589e-010	-8.6614e+006
8.79389e-010	-8.6608e+006
8.80189e-010	-8.59448e+006
8.82189e-010	-8.55006e+006
8.83789e-010	-8.50565e+006
8.85389e-010	-8.39461e+006
8.87069e-010	-8.41681e+006
8.88509e-010	-8.29087e+006
8.90021e-010	-8.29087e+006
8.91317e-010	-8.25281e+006
8.92613e-010	-8.1702e+006
8.93909e-010	-8.14279e+006
8.95205e-010	-8.0883e+006
8.96501e-010	-8.08795e+006
8.97797e-010	-7.97829e+006
8.99093e-010	-7.97863e+006
9.00389e-010	-7.92345e+006
9.01685e-010	-7.92345e+006
9.02981e-010	-7.7867e+006
9.04277e-010	-7.81379e+006
9.05573e-010	-7.75895e+006
9.06869e-010	-7.70445e+006
9.08165e-010	-7.64928e+006
9.09461e-010	-7.64928e+006
9.10757e-010	-7.59478e+006
9.12053e-010	-7.53962e+006
9.13349e-010	-7.5122e+006
9.15293e-010	-7.45753e+006
9.17885e-010	-7.34786e+006
9.20477e-010	-7.27931e+006
9.23069e-010	-7.23803e+006
9.25661e-010	-7.11481e+006
9.28253e-010	-7.04627e+006
9.30845e-010	-6.97772e+006
9.33437e-010	-6.90903e+006
9.36029e-010	-6.84049e+006
9.38825e-010	-6.75136e+006
9.41825e-010	-6.65636e+006
9.44825e-010	-6.57369e+006
9.47825e-010	-6.51423e+006
9.50825e-010	-6.40763e+006
9.53825e-010	-6.36049e+006
9.56825e-010	-6.25366e+006
9.59825e-010	-6.19467e+006
9.62825e-010	-6.11153e+006
9.65825e-010	-6.02862e+006
9.68825e-010	-5.95778e+006
9.71825e-010	-5.89834e+006
9.74825e-010	-5.8038e+006
9.77825e-010	-5.76805e+006
9.80825e-010	-5.66146e+006
9.83825e-010	-5.60244e+006
9.86825e-010	-5.54302e+006
9.89825e-010	-5.46031e+006
9.92825e-010	-5.40089e+006
9.95988e-010	-5.34167e+006
9.98662e-010	-5.2735e+006
1e-009	-5.2735e+006
1e-009	0
1e-009	-1.03242e+007
1e-009	0
1.00001e-009	-1.03242e+007
1.00002e-009	-5.1208e+006
1.00004e-009	-5.1621e+006
1.00008e-009	-5.79567e+006
1.00016e-009	-5.14653e+006
1.00037e-009	-4.99072e+006
1.00052e-009	-5.4554e+006
1.00062e-009	-5.32825e+006
1.00081e-009	-5.1535e+006
1.00094e-009	-5.39569e+006
1.00094e-009	0
1.001e-009	-5.39569e+006
1.001e-009	0
1.001e-009	0
1.001e-009	-1.18537e+007
1.001e-009	0
1.00101e-009	-1.18537e+007
1.00102e-009	-5.92685e+006
1.00103e-009	-2.94977e+006
1.00107e-009	-5.92685e+006
1.00114e-009	-4.80444e+006
1.00129e-009	-5.3619e+006
1.00148e-009	-5.17701e+006
1.00215e-009	-5.17701e+006
1.0033e-009	-5.20012e+006
1.00557e-009	-5.09294e+006
1.00857e-009	-5.02206e+006
1.01157e-009	-4.98634e+006
1.01457e-009	-4.91528e+006
1.01757e-009	-4.87993e+006
1.02057e-009	-4.83237e+006
1.02357e-009	-4.77333e+006
1.02682e-009	-4.71393e+006
1.03052e-009	-4.6592e+006
1.03062e-009	-5.32825e+006
1.03077e-009	-4.44267e+006
1.03097e-009	-4.61909e+006
1.03287e-009	-4.61909e+006
1.03447e-009	-4.575e+006
1.03608e-009	-4.50806e+006
1.03767e-009	-4.53058e+006
1.03927e-009	-4.48585e+006
1.04087e-009	-4.44174e+006
1.04255e-009	-4.41923e+006
1.04399e-009	-4.41703e+006
1.04551e-009	-4.36768e+006
1.0468e-009	-4.3865e+006
1.0481e-009	-4.2772e+006
1.04939e-009	-4.33204e+006
1.05069e-009	-4.27684e+006
1.05199e-009	-4.2772e+006
1.05328e-009	-4.22237e+006
1.05458e-009	-4.222e+006
1.05587e-009	-4.19495e+006
1.05717e-009	-4.16753e+006
1.05847e-009	-4.16717e+006
1.05976e-009	-4.16753e+006
1.06106e-009	-4.08528e+006
1.06235e-009	-4.11234e+006
1.06365e-009	-4.05786e+006
1.06495e-009	-4.03044e+006
1.06624e-009	-4.05751e+006
1.06754e-009	-4.03044e+006
1.06948e-009	-3.96173e+006
1.07207e-009	-3.9619e+006
1.07467e-009	-3.90689e+006
1.07726e-009	-3.83835e+006
1.07985e-009	-3.8111e+006
1.08244e-009	-3.79723e+006
1.08503e-009	-3.7561e+006
1.08783e-009	-3.70732e+006
1.09083e-009	-3.67166e+006
1.09383e-009	-3.61244e+006
1.09683e-009	-3.58888e+006
1.09983e-009	-3.54137e+006
1.10283e-009	-3.48228e+006
1.10583e-009	-3.47031e+006
1.10883e-009	-3.41121e+006
1.11183e-009	-3.36371e+006
1.11483e-009	-3.36371e+006
1.11783e-009	-3.29277e+006
1.12083e-009	-3.25711e+006
1.12383e-009	-3.24539e+006
1.12683e-009	-3.18605e+006
1.12983e-009	-3.16236e+006
1.13283e-009	-3.1151e+006
1.13583e-009	-3.0913e+006
1.13883e-009	-3.05588e+006
1.14183e-009	-3.02023e+006
1.14483e-009	-2.9847e+006
1.14783e-009	-2.93743e+006
1.15157e-009	-2.91364e+006
1.15309e-009	-2.90784e+006
1.15385e-009	-2.90784e+006
1.15385e-009	0
1.15385e-009	0
1.15385e-009	-5.1621e+006
1.15386e-009	0
1.15386e-009	-5.1621e+006
1.15388e-009	-2.58105e+006
1.15393e-009	-2.57585e+006
1.15401e-009	-2.90368e+006
1.15422e-009	-2.90222e+006
1.15437e-009	-2.86223e+006
1.15447e-009	-2.84173e+006
1.15466e-009	-2.84331e+006
1.15478e-009	-3.09907e+006
1.15478e-009	0
1.15485e-009	-3.09907e+006
1.15485e-009	0
1.15485e-009	0
1.15485e-009	-1.16382e+007
1.15485e-009	0
1.15485e-009	-1.16382e+007
1.15485e-009	0
1.15486e-009	-1.16382e+007
1.15486e-009	0
1.15486e-009	-2.93624e+006
1.15487e-009	0
1.15488e-009	-2.93624e+006
1.15492e-009	-2.93624e+006
1.15499e-009	-2.93287e+006
1.15514e-009	-2.75272e+006
1.15543e-009	-2.84285e+006
1.15601e-009	-2.93455e+006
1.15717e-009	-2.84326e+006
1.15944e-009	-2.80704e+006
1.16244e-009	-2.75966e+006
1.16544e-009	-2.75977e+006
1.16844e-009	-2.71229e+006
1.17144e-009	-2.71239e+006
1.17444e-009	-2.66491e+006
1.17744e-009	-2.64122e+006
1.18071e-009	-2.62948e+006
1.18437e-009	-2.5689e+006
1.18447e-009	-3.19695e+006
1.18462e-009	-2.48789e+006
1.18492e-009	-2.57603e+006
1.18552e-009	-2.53162e+006
1.18672e-009	-2.57603e+006
1.18832e-009	-2.554e+006
1.18992e-009	-2.50941e+006
1.19152e-009	-2.50959e+006
1.19312e-009	-2.53162e+006
1.19472e-009	-2.46517e+006
1.1964e-009	-2.465e+006
1.19784e-009	-2.41826e+006
1.19935e-009	-2.49229e+006
1.20065e-009	-2.41257e+006
1.20194e-009	-2.4402e+006
1.20324e-009	-2.35795e+006
1.20454e-009	-2.41257e+006
1.20583e-009	-2.38536e+006
1.20713e-009	-2.35795e+006
1.20842e-009	-2.35774e+006
1.20972e-009	-2.35795e+006
1.21102e-009	-2.38536e+006
1.21231e-009	-2.30291e+006
1.21361e-009	-2.35795e+006
1.2149e-009	-2.30311e+006
1.2162e-009	-2.24808e+006
1.2175e-009	-2.30311e+006
1.21879e-009	-2.30311e+006
1.22009e-009	-2.24808e+006
1.22138e-009	-2.24827e+006
1.22333e-009	-2.24818e+006
1.22592e-009	-2.22086e+006
1.22851e-009	-2.19334e+006
1.2311e-009	-2.17963e+006
1.2337e-009	-2.16602e+006
1.23629e-009	-2.1248e+006
1.23888e-009	-2.13851e+006
1.24168e-009	-2.09647e+006
1.24468e-009	-2.08455e+006
1.24768e-009	-2.06094e+006
1.25068e-009	-2.02533e+006
1.25368e-009	-2.00164e+006
1.25668e-009	-1.98987e+006
1.25968e-009	-1.97796e+006
1.26268e-009	-1.95434e+006
1.26568e-009	-1.93058e+006
1.26868e-009	-1.89505e+006
1.27168e-009	-1.88327e+006
1.27468e-009	-1.8832e+006
1.27768e-009	-1.84774e+006
1.28068e-009	-1.83583e+006
1.28368e-009	-1.8003e+006
1.28668e-009	-1.80036e+006
1.28968e-009	-1.77661e+006
1.29268e-009	-1.75298e+006
1.29568e-009	-1.75292e+006
1.29868e-009	-1.70554e+006
1.30168e-009	-1.71745e+006
1.30542e-009	-1.68186e+006
1.30693e-009	-1.66388e+006
1.30769e-009	-1.66388e+006
1.30769e-009	0
1.3077e-009	0
1.3077e-009	-5.1621e+006
1.3077e-009	0
1.30771e-009	-5.1621e+006
1.30771e-009	0
1.30772e-009	-5.1621e+006
1.30773e-009	0
1.30773e-009	-2.58626e+006
1.30774e-009	0
1.30777e-009	-2.58626e+006
1.30785e-009	-1.29183e+006
1.30806e-009	-1.6156e+006
1.30822e-009	-2.08502e+006
1.30832e-009	-1.42087e+006
1.3085e-009	-1.42165e+006
1.30863e-009	-1.67712e+006
1.30863e-009	0
1.30869e-009	-1.67712e+006
1.30869e-009	0
1.30869e-009	-2.28607e+007
1.30869e-009	0
1.3087e-009	-2.28607e+007
1.3087e-009	0
1.3087e-009	-2.28607e+007
1.3087e-009	0
1.30871e-009	0
1.30871e-009	-2.90954e+006
1.30872e-009	0
1.30873e-009	-2.90954e+006
1.30876e-009	-1.45477e+006
1.30884e-009	-1.45643e+006
1.30898e-009	-1.63755e+006
1.30928e-009	-1.63801e+006
1.30986e-009	-1.63778e+006
1.31103e-009	-1.66053e+006
1.31331e-009	-1.62269e+006
1.31631e-009	-1.62263e+006
1.31931e-009	-1.61085e+006
1.32231e-009	-1.57526e+006
1.32531e-009	-1.57526e+006
1.32831e-009	-1.55163e+006
1.33131e-009	-1.53973e+006
1.33459e-009	-1.52794e+006
1.33822e-009	-1.4936e+006
1.33832e-009	-2.1313e+006
1.33847e-009	-1.42165e+006
1.33877e-009	-1.42126e+006
1.33937e-009	-1.51009e+006
1.34057e-009	-1.46567e+006
1.34217e-009	-1.5324e+006
1.34377e-009	-1.46567e+006
1.34537e-009	-1.46578e+006
1.34697e-009	-1.48788e+006
1.34857e-009	-1.42136e+006
1.35025e-009	-1.46567e+006
1.35169e-009	-1.43122e+006
1.3532e-009	-1.43122e+006
1.35449e-009	-1.42561e+006
1.35579e-009	-1.45315e+006
1.35709e-009	-1.3709e+006
1.35838e-009	-1.42561e+006
1.35968e-009	-1.42573e+006
1.36097e-009	-1.3709e+006
1.36227e-009	-1.37078e+006
1.36357e-009	-1.42573e+006
1.36486e-009	-1.3709e+006
1.36616e-009	-1.37078e+006
1.36745e-009	-1.3709e+006
1.36875e-009	-1.31606e+006
1.37005e-009	-1.37078e+006
1.37134e-009	-1.3709e+006
1.37264e-009	-1.31606e+006
1.37393e-009	-1.37078e+006
1.37523e-009	-1.31606e+006
1.37717e-009	-1.3023e+006
1.37977e-009	-1.31606e+006
1.38236e-009	-1.31601e+006
1.38495e-009	-1.28859e+006
1.38754e-009	-1.27494e+006
1.39013e-009	-1.26117e+006
1.39273e-009	-1.27488e+006
1.39552e-009	-1.23183e+006
1.39852e-009	-1.24363e+006
1.40152e-009	-1.21998e+006
1.40452e-009	-1.20809e+006
1.40752e-009	-1.19625e+006
1.41052e-009	-1.19629e+006
1.41352e-009	-1.17256e+006
1.41652e-009	-1.1726e+006
1.41952e-009	-1.14887e+006
1.42252e-009	-1.14887e+006
1.42552e-009	-1.12523e+006
1.42852e-009	-1.12518e+006
1.43152e-009	-1.08969e+006
1.43452e-009	-1.1015e+006
1.43752e-009	-1.1015e+006
1.44052e-009	-1.066e+006
1.44352e-009	-1.07781e+006
1.44652e-009	-1.05416e+006
1.44952e-009	-1.04228e+006
1.45252e-009	-1.05412e+006
1.45552e-009	-1.01863e+006
1.45926e-009	-1.01859e+006
1.46078e-009	-1.03045e+006
1.46078e-009	0
1.46154e-009	0
1.46154e-009	0
1.46155e-009	5.1621e+006
1.46155e-009	0
1.46155e-009	5.1621e+006
1.46156e-009	0
1.46158e-009	0
1.46158e-009	-1.29575e+006
1.46159e-009	0
1.46162e-009	-1.29575e+006
1.4617e-009	-1.29444e+006
1.46191e-009	-970829
1.46206e-009	-1.04421e+006
1.46216e-009	-710433
1.46235e-009	-1.06624e+006
1.46247e-009	-1.10936e+006
1.46247e-009	0
1.46254e-009	-1.10936e+006
1.46254e-009	0
1.46256e-009	0
1.46256e-009	-2.88333e+006
1.46256e-009	0
1.46257e-009	-2.88333e+006
1.46257e-009	0
1.46259e-009	-2.88333e+006
1.46261e-009	0
1.46261e-009	-1.44492e+006
1.46264e-009	0
1.46268e-009	-1.44492e+006
1.46283e-009	-1.08308e+006
1.46313e-009	-902821
1.46372e-009	-1.03824e+006
1.4649e-009	-970532
1.46719e-009	-994937
1.47019e-009	-983056
1.47319e-009	-971212
1.47619e-009	-947559
1.47919e-009	-947524
1.48219e-009	-947559
1.48519e-009	-923836
1.48847e-009	-947524
1.49206e-009	-923221
1.49216e-009	-710433
1.49231e-009	-888534
1.49261e-009	-888287
1.49321e-009	-977116
1.49441e-009	-910558
1.49601e-009	-910494
1.49761e-009	-843873
1.49921e-009	-910558
1.50081e-009	-910494
1.50241e-009	-866140
1.50409e-009	-910494
1.50553e-009	-863666
1.50704e-009	-863666
1.50834e-009	-904715
1.50963e-009	-849957
1.51093e-009	-849957
1.51223e-009	-849884
1.51352e-009	-904793
1.51482e-009	-849957
1.51611e-009	-849884
1.51741e-009	-849957
1.51871e-009	-795121
1.52e-009	-849884
1.5213e-009	-849957
1.52259e-009	-849957
1.52389e-009	-795053
1.52519e-009	-849957
1.52648e-009	-849957
1.52778e-009	-795053
1.52907e-009	-795121
1.53102e-009	-822504
1.53361e-009	-822539
1.5362e-009	-795087
1.53879e-009	-795087
1.54139e-009	-795121
1.54398e-009	-767670
1.54657e-009	-753962
1.54937e-009	-781736
1.55237e-009	-769863
1.55537e-009	-758047
1.55837e-009	-722487
1.56137e-009	-758019
1.56437e-009	-722514
1.56737e-009	-734331
1.57037e-009	-722514
1.57337e-009	-722487
1.57637e-009	-710643
1.57937e-009	-698825
1.58237e-009	-698799
1.58537e-009	-675136
1.58837e-009	-686955
1.59137e-009	-675111
1.59437e-009	-675136
1.59737e-009	-651423
1.60037e-009	-686980
1.60337e-009	-651423
1.60637e-009	-627735
1.60937e-009	-651447
1.61311e-009	-627735
1.61463e-009	-631908
1.61463e-009	0
1.61538e-009	-631908
1.61539e-009	0
1.61539e-009	0
1.61539e-009	-5.20406e+006
1.61539e-009	0
1.6154e-009	-5.20406e+006
1.6154e-009	0
1.61541e-009	-5.20406e+006
1.61542e-009	0
1.61546e-009	0
1.61546e-009	-648531
1.61549e-009	0
1.61555e-009	-648531
1.61575e-009	-486398
1.61591e-009	-1.04591e+006
1.61601e-009	-710433
1.61619e-009	-355414
1.61632e-009	-1.10077e+006
1.61632e-009	0
1.61638e-009	-1.10077e+006
1.61639e-009	0
1.61642e-009	0
1.61642e-009	-1.43199e+006
1.61643e-009	0
1.61646e-009	-1.43199e+006
1.61653e-009	-716797
1.61668e-009	-358399
1.61698e-009	-627022
1.61757e-009	-582316
1.61876e-009	-649461
1.62106e-009	-627735
1.62406e-009	-604069
1.62706e-009	-604047
1.63006e-009	-604069
1.63306e-009	-580358
1.63606e-009	-615891
1.63906e-009	-580380
1.64236e-009	-580358
1.64591e-009	-577600
1.64601e-009	-710433
1.64616e-009	-355414
1.64646e-009	-710630
1.64706e-009	-577387
1.64826e-009	-533009
1.64986e-009	-599594
1.65146e-009	-577427
1.65306e-009	-555180
1.65466e-009	-577387
1.65626e-009	-533009
1.65794e-009	-555180
1.65938e-009	-542876
1.66089e-009	-567552
1.66218e-009	-575728
1.66348e-009	-493523
1.66478e-009	-575777
1.66607e-009	-520897
1.66737e-009	-575777
1.66866e-009	-493523
1.66996e-009	-575728
1.67126e-009	-520941
1.67255e-009	-548359
1.67385e-009	-520897
1.67514e-009	-520941
1.67644e-009	-548359
1.67774e-009	-520897
1.67903e-009	-520941
1.68033e-009	-520941
1.68162e-009	-493481
1.68292e-009	-520941
1.68486e-009	-507211
1.68746e-009	-520941
1.69005e-009	-507211
1.69264e-009	-520919
1.69523e-009	-479814
1.69782e-009	-507211
1.70042e-009	-493502
1.70321e-009	-485624
1.70621e-009	-485606
1.70921e-009	-485624
1.71221e-009	-461918
1.71521e-009	-485606
1.71821e-009	-461935
1.72121e-009	-461918
1.72421e-009	-450091
1.72721e-009	-461918
1.73021e-009	-438230
1.73321e-009	-461935
1.73621e-009	-438230
1.73921e-009	-438246
1.74221e-009	-438230
1.74521e-009	-438230
1.74821e-009	-414557
1.75121e-009	-438230
1.75421e-009	-414557
1.75721e-009	-414542
1.76021e-009	-414557
1.76321e-009	-414542
1.76695e-009	-414542
1.76847e-009	-397607
1.76923e-009	-397607
1.76923e-009	0
1.76923e-009	-1.04934e+007
1.76923e-009	0
1.76924e-009	-1.04934e+007
1.76924e-009	0
1.76924e-009	-1.04934e+007
1.76925e-009	0
1.76927e-009	0
1.76927e-009	649188
1.76928e-009	0
1.76931e-009	649188
1.76931e-009	-649848
1.76934e-009	649188
1.76939e-009	-649848
1.7696e-009	-324759
1.76975e-009	-523813
1.76985e-009	-710433
1.77004e-009	-355414
1.77017e-009	-546160
1.77017e-009	0
1.77023e-009	-546160
1.77023e-009	0
1.77027e-009	0
1.77027e-009	711222
1.77028e-009	0
1.7703e-009	711222
1.7703e-009	-711222
1.77033e-009	711222
1.77038e-009	-711222
1.77053e-009	-355414
1.77083e-009	-533417
1.77143e-009	-311116
1.77263e-009	-400035
1.77493e-009	-414542
1.77793e-009	-390868
1.78093e-009	-390854
1.78393e-009	-367166
1.78693e-009	-390868
1.78993e-009	-390854
1.79293e-009	-367179
1.79624e-009	-367166
1.79975e-009	-389209
1.79985e-009	-710433
1.8e-009	-355414
1.8003e-009	-266486
1.8009e-009	-444144
1.8021e-009	-355340
1.8037e-009	-355315
1.8053e-009	-377548
1.8069e-009	-355315
1.8085e-009	-377548
1.8101e-009	-355315
1.81178e-009	-355315
1.81322e-009	-370143
1.81473e-009	-320790
1.81603e-009	-383819
1.81732e-009	-356434
1.81862e-009	-356434
1.81992e-009	-356403
1.82121e-009	-329016
1.82251e-009	-356434
1.8238e-009	-356403
1.8251e-009	-329016
1.8264e-009	-356434
1.82769e-009	-301572
1.82899e-009	-356434
1.83028e-009	-329016
1.83158e-009	-356403
1.83288e-009	-356434
1.83417e-009	-356434
1.83547e-009	-274156
1.83676e-009	-356434
1.83871e-009	-356418
1.8413e-009	-315307
1.84389e-009	-315293
1.84648e-009	-329001
1.84908e-009	-315307
1.85167e-009	-329001
1.85426e-009	-329016
1.85685e-009	-319789
1.86006e-009	-319789
1.86306e-009	-296101
1.86606e-009	-319813
1.86906e-009	-296101
1.87206e-009	-296101
1.87506e-009	-319789
1.87806e-009	-307945
1.88106e-009	-272433
1.88406e-009	-296101
1.89006e-009	-296101
1.89306e-009	-284257
1.89606e-009	-296123
1.89906e-009	-272413
1.90506e-009	-272413
1.90806e-009	-284257
1.91106e-009	-272433
1.91406e-009	-272413
1.91706e-009	-272413
1.9208e-009	-260569
1.92232e-009	-280459
1.92232e-009	0
1.92308e-009	-280459
1.92308e-009	0
1.92316e-009	0
1.92316e-009	-650508
1.92318e-009	0
1.92324e-009	-650508
1.92324e-009	0
1.92329e-009	-650508
1.9234e-009	0
1.9234e-009	-524672
1.92351e-009	0
1.92358e-009	-524672
1.92358e-009	0
1.92365e-009	-524672
1.9237e-009	0
1.9237e-009	-355216
1.92375e-009	0
1.92388e-009	-355216
1.92401e-009	-271229
1.92408e-009	-271229
1.92408e-009	0
1.92415e-009	0
1.92415e-009	-706512
1.92418e-009	0
1.92423e-009	-706512
1.92423e-009	0
1.92428e-009	-706512
1.92438e-009	0
1.92438e-009	-352866
1.92448e-009	0
1.92468e-009	-352866
1.92528e-009	-308758
1.92649e-009	-242596
1.9288e-009	-248725
1.9318e-009	-272413
1.9348e-009	-248725
1.9378e-009	-260588
1.9408e-009	-248725
1.9438e-009	-248725
1.9468e-009	-236881
1.95012e-009	-248725
1.9536e-009	-242118
1.9537e-009	-711222
1.9537e-009	0
1.95375e-009	-711222
1.95385e-009	0
1.95385e-009	-266560
1.95395e-009	0
1.95415e-009	-266560
1.95475e-009	-266486
1.95595e-009	-222072
1.95755e-009	-244313
1.95915e-009	-244279
1.96075e-009	-266486
1.96235e-009	-244279
1.96395e-009	-222103
1.96563e-009	-244279
1.96707e-009	-222086
1.96858e-009	-197379
1.96987e-009	-246783
1.97117e-009	-246741
1.97247e-009	-246741
1.97376e-009	-246783
1.97506e-009	-191909
1.97635e-009	-246741
1.97765e-009	-246783
1.97895e-009	-246741
1.98024e-009	-164494
1.98154e-009	-246783
1.98283e-009	-246741
1.98413e-009	-191909
1.98543e-009	-246783
1.98672e-009	-191909
1.98802e-009	-246741
1.98931e-009	-246783
1.99061e-009	-191909
1.99255e-009	-205635
1.99515e-009	-219325
1.99774e-009	-219344
1.99952e-009	-257452
2e-009	-257452
